0 15 
2 57 
2 12 
2 5 
2 30 
3 34 
3 73 
3 12 
3 13 
3 15 
3 20 
3 57 
3 56 
3 52 
3 58 
3 27 
3 28 
4 5 
4 10 
4 12 
4 14 
4 16 
4 57 
4 61 
6 57 
6 59 
6 68 
6 77 
6 22 
7 66 
7 68 
7 71 
7 9 
7 10 
7 75 
7 54 
7 24 
7 57 
7 58 
8 15 
9 66 
9 10 
9 76 
9 54 
9 57 
10 32 
10 66 
10 37 
10 76 
10 54 
10 57 
10 59 
11 57 
11 44 
11 29 
11 22 
11 37 
12 38 
12 71 
12 73 
12 55 
12 44 
12 45 
12 46 
12 47 
12 76 
12 52 
12 22 
12 23 
12 57 
12 58 
12 28 
12 30 
15 76 
15 52 
15 57 
15 27 
15 28 
16 49 
16 62 
16 57 
17 57 
17 67 
18 36 
18 23 
19 74 
19 53 
19 77 
20 58 
21 65 
21 69 
21 43 
21 51 
21 22 
21 57 
22 24 
22 25 
22 31 
22 32 
22 36 
22 37 
22 38 
22 43 
22 44 
22 45 
22 51 
22 57 
22 59 
22 66 
22 69 
22 70 
22 73 
22 76 
23 36 
23 44 
23 45 
23 57 
24 57 
24 66 
24 45 
25 57 
25 59 
26 33 
26 73 
26 57 
27 33 
27 73 
27 48 
27 28 
28 57 
28 58 
30 45 
31 57 
31 44 
31 60 
32 70 
32 39 
32 43 
32 45 
32 57 
33 41 
33 76 
33 46 
33 58 
36 42 
36 44 
36 57 
37 59 
37 76 
38 57 
38 45 
38 61 
41 58 
42 44 
43 69 
43 51 
43 57 
44 64 
44 68 
44 75 
44 71 
44 45 
44 57 
44 60 
44 62 
45 62 
45 57 
46 58 
46 57 
46 47 
47 57 
48 73 
49 62 
50 51 
51 69 
51 70 
51 57 
52 57 
52 58 
54 57 
57 58 
57 59 
57 65 
57 66 
57 67 
57 69 
57 70 
57 71 
57 75 
57 76 
58 71 
59 76 
64 75 
66 76 
66 73 
68 71 
68 72 
68 75 
71 72 
71 75 
