0 15 
1 65 
1 4 
1 5 
1 71 
1 45 
1 50 
1 51 
1 21 
1 23 
1 68 
1 69 
2 12 
2 5 
3 34 
3 41 
3 12 
3 20 
3 56 
3 52 
3 28 
4 5 
4 6 
4 10 
4 12 
4 16 
4 21 
4 22 
4 23 
4 27 
4 30 
4 32 
4 37 
4 39 
4 43 
4 45 
4 47 
4 50 
4 51 
4 57 
4 61 
4 65 
4 66 
4 68 
4 69 
4 70 
4 71 
4 77 
5 66 
5 69 
5 70 
5 65 
5 10 
5 71 
5 12 
5 45 
5 77 
5 47 
5 50 
5 51 
5 21 
5 23 
5 68 
5 30 
6 32 
6 68 
6 59 
6 39 
6 43 
6 16 
6 51 
6 22 
6 57 
6 27 
6 30 
7 65 
7 66 
7 68 
7 71 
7 75 
7 44 
7 54 
7 57 
8 15 
9 66 
9 59 
9 76 
9 10 
9 54 
10 32 
10 76 
10 54 
10 57 
10 59 
10 37 
11 60 
11 44 
11 29 
12 38 
12 71 
12 23 
12 44 
12 45 
12 47 
12 52 
12 55 
12 58 
12 30 
15 76 
15 28 
16 32 
16 69 
16 39 
16 43 
16 77 
16 51 
16 22 
16 57 
16 27 
16 30 
17 57 
17 67 
18 44 
18 36 
19 56 
20 52 
20 53 
21 66 
21 43 
21 65 
21 71 
21 45 
21 50 
21 51 
21 57 
21 23 
21 68 
21 69 
22 32 
22 69 
22 39 
22 38 
22 43 
22 44 
22 77 
22 45 
22 51 
22 57 
22 27 
22 30 
23 65 
23 71 
23 45 
23 50 
23 51 
23 57 
23 68 
23 69 
24 66 
25 59 
27 32 
27 33 
27 69 
27 39 
27 73 
27 43 
27 77 
27 51 
27 57 
27 30 
28 73 
29 60 
30 32 
30 66 
30 39 
30 43 
30 77 
30 45 
30 50 
30 51 
30 57 
30 70 
30 69 
31 44 
32 70 
33 58 
33 46 
36 44 
38 42 
38 45 
38 57 
38 61 
39 69 
39 42 
39 43 
39 77 
39 51 
39 57 
42 44 
43 69 
43 77 
43 51 
43 57 
44 64 
44 65 
44 68 
44 71 
44 75 
44 57 
45 65 
45 57 
45 71 
45 50 
45 51 
45 68 
45 62 
45 69 
46 58 
47 66 
50 66 
50 70 
50 65 
50 71 
50 51 
50 68 
50 69 
51 68 
51 66 
51 77 
51 69 
51 57 
51 71 
51 65 
52 73 
52 57 
52 58 
53 74 
53 77 
54 57 
57 58 
57 69 
57 76 
59 76 
65 75 
65 71 
65 68 
65 69 
66 70 
66 76 
66 69 
68 75 
68 71 
68 69 
69 71 
69 70 
71 72 
71 75 
71 76 
74 77 
